7.825544292407189
2.1345545726976534
5.072753336451092
12.066179396472926
5.073322188248865
0.298279699140952
-8.051854077774015
-1.5422323517909953
5.143127325626201
4.245903265660283
-0.2898535501026642
-4.3989766937771835
-2.515636743888532
0.8537612455379138
1.6556479878514734
-3.0946638143629137
-5.165219689147023
6.40672026265359
-9.049906940236209
2.6535845193206224
3.3580216021111267
-3.0727350293942557
0.5504186966322109
-1.0293930089486363
5.988150364063644
11.635847201147765
-0.802153525840009
1.701529680147568
-1.6441651712061827
5.704302524363637
5.003402109361237
11.64842262983805
