2.728388807443718
-1.329527281231801
-4.421023594449033
-4.842088555476167
-8.481516338192499
-0.9010811445680584
-1.6764004761807172
0.8136320008172788
-9.471190700712523
3.2966295976824576
-4.054281363213136
2.7710162134702667
-3.0037220994405427
-0.25798708552102134
-7.566654535375163
-9.529428176597733
-4.169769036823434
-4.213638080449914
-4.991730328258281
-8.396397849701152
-8.031746193704617
-0.6645262195403756
-5.312807310223514
0.9488759094756318
-9.20274409296859
-9.224698328853256
-1.524174027732105
-4.525824522773174
-6.776138681604242
-9.09568926088605
-9.379687898981476
2.788229729093697
