0.763285081061171
1.6062787173199338
0.14601928087951363
0.49923440862718227
1.8499690162102633
0.89960330148262
0.3824771585138203
0.6596676780131883
3.3249945730980546
1.0360370365086786
0.5947528269301117
0.22013199475221498
1.3678742865373608
0.19210418694448925
3.215576365099589
8.612216003763494
2.305250299958019
0.27134435095151893
0.02952355041072277
0.5924672755470791
1.106395349203777
1.3467294937023964
0.9341952968338881
0.7911862171444342
1.779956686554425
2.1610311850963035
0.5415335674624553
5.045975203072719
2.1365316223443127
0.3122595558093228
1.177508145994603
0.07886956294861372
