5.744227137395106
6.481281753733326
6.257473867459415
4.221337435555549
5.344927700550858
5.275388542172552
4.3761554816498895
3.7105258048909793
3.296771534818478
4.869602298396672
5.015731010359658
6.525509738716246
2.6128511051505967
7.097273764394328
7.067375106950317
6.6981948008937815
2.8549929493038126
5.8860446173431376
5.336391960721994
4.604957372947936
5.791097399014084
6.165810018354913
5.09051529443869
5.5113538813185565
2.7386317101321875
3.330633662610354
5.0020321217713715
9.435650616459267
6.426228598904345
6.555860648417989
3.9660206761474095
4.090584738231132
5.491228509143811
3.6098238153830144
4.696748422099281
7.77525774897305
5.199161322391241
8.00569901351569
4.231309422040475
2.114082792720923
2.1874543303028013
2.904562011581632
5.180954772443035
2.0638061275097628
1.8341937744847683
4.479742018331905
4.61869250857232
6.31831854937378
6.905252769667907
4.398356333447603
5.559711184128829
4.386463752213164
6.40866120308011
4.6041004015208635
4.12462126740085
2.789898773866223
5.2949912730592015
6.331537669201326
5.069711045654904
6.11205941941542
2.068415127624216
3.5292301157199075
1.7814332867330558
3.687558915461911
6.889957809909912
3.5432419276550045
6.125270371506306
5.777466438379756
5.919617720935405
6.394138410218665
7.234730738918384
5.139208595515375
7.182300046481474
3.8210189624757334
7.380725662173139
5.174775107932908
5.714549899672685
6.211400287986649
8.136714401339624
5.208980138751247
6.151219442947406
3.8552623061854554
1.9843241715145066
5.22632749417029
6.003987308452564
3.629799653460807
4.036031402942332
2.797960365917163
2.0303500068729696
6.222512157078098
5.447563270718587
3.7183071037247664
8.197624741579116
8.086981841731946
8.046664957916144
4.089737978692386
4.8673519102896385
2.0055121098548745
3.858951258679258
3.673567697671663
7.735681056804114
3.6425643773255443
5.342544085110187
6.360719193375823
3.567458879750571
5.955038673928725
2.467862790268691
6.854776902617401
8.718266671106354
3.295903461940124
6.9772472881233
2.480715221845213
5.8852841384371475
3.8762388277250217
5.70064250485122
9.630558986174842
2.7645273934213574
5.605348675918287
5.883674657288406
6.162419199100424
5.055656282217882
7.14221729716844
7.2561779930139885
7.857115069679692
5.988185939303672
3.086881531747451
5.5530513866167786
6.485390493164215
