6.629596446272605
2.7418303297024993
-1.6677505389027996
7.7468262537599175
-0.07390213668166057
0.8456595270268927
-3.906353680460795
4.882201180328118
8.586760493203588
-0.18332186424046304
8.802163103980867
-0.12716730061872594
1.5757538621926823
-0.6483512762076047
8.084985271921035
-2.7878472912081182
-0.06693127814931765
6.230097451420449
-1.2669374472866908
-1.0468197367305305
1.1972604059651832
4.704497989347568
2.766158903631994
7.951171158304345
5.928635774259326
4.287980896247526
-0.6646640957040697
5.079464399080984
4.432265629102962
-2.8984892910290574
4.47705142891006
6.709800048743923
6.425209559591214
5.418493718642126
1.9283320491558662
7.270935236746591
-3.707409699263531
-2.174738760976945
0.842038361326856
2.4498284864099027
-2.9464471530825085
2.819092846176873
-0.5466141717341029
4.448466680197012
8.443336116342945
-3.1160146795027397
3.7152475609020224
2.615465341428365
-3.223054226974924
-2.2147107030101956
3.5054746726528414
4.005316943305673
6.06312031616837
0.788836889465963
9.170420600202846
1.8800142306153962
1.9766571404378013
-1.3279421922892736
5.23347071140845
6.268924586584483
8.555332268309094
6.883840457480711
6.94506589294027
-2.784100873417401
-1.5916517086753048
7.6631569297142095
-1.2965802980154284
1.4160062045095083
8.813587546524712
-0.7223671258261231
-2.700542367372508
-0.4220443391089659
7.286585436544013
1.255289425798912
-3.264393639045074
2.295859938162584
2.1940948219954626
6.8872622668734484
5.005205556251094
7.502959840369662
2.1505749750963803
5.285018513800085
5.977745831352727
0.1816833229886612
3.68398151925655
1.871558415470485
4.419582815893738
7.668562915957016
5.399825438003517
7.981947320119791
8.12221666464908
6.314950413764339
-3.4907844495202025
-2.8759571248196183
-1.0809873791114093
5.73809280363334
0.4216808664584981
1.6701544513076776
6.230276481730544
5.152638764850896
0.7755187711019476
0.5656531650354921
7.549391984247722
6.371986122374557
1.596798536487011
4.157214431662484
-0.9860326318778174
-2.7544742486067344
5.199210312606335
3.0859508450640885
0.6054756456725547
0.9144651262540977
1.3280235616904257
-1.3842204812031254
5.028474768402673
5.723555199472737
1.6960311288964904
2.5917366542548654
0.5203004819324981
5.504748255118117
4.680502456151687
7.497912462121257
6.319081107933269
-3.150390065830818
3.1255273617578494
0.8748078387319538
-1.5935244796880212
7.608161404083906
