3.0634446150622403
1.7345488645966223
2.3372161469822927
6.445942904872108
3.2571039067745837
2.892050476169683
1.3330042442171446
11.58027928562639
4.007134813964383
4.029341268579714
16.07512565330299
7.485111534323209
1.9345991430162672
2.7864034727636997
6.639863456473465
0.8843481973574421
1.7923498997898708
0.37369583217127506
1.2035699443078165
0.21745084579489635
3.285366318995503
5.344601903019919
6.531062510867441
1.1691013600973386
14.056416697287336
0.6514088045946008
3.1389943675392167
2.967961130744076
10.906204562035212
4.057035635307006
3.162518357907684
3.2999478703406253
10.36565156927807
1.7008506488240223
5.49292878853938
2.0682440709935626
2.8188660529554936
2.05714313953318
6.76784931100338
4.2798878690700795
0.9710934992494835
0.47522986015743385
0.87819392501966
1.2728393150357964
2.0850604328554514
3.546028541020157
4.6765545704887135
1.6494887886701175
3.6672158605185925
2.807444557633331
4.483076944700966
3.2143713952684467
1.0802505509650433
17.42490399099293
5.954745374282968
19.047804495859772
2.809387834354459
1.1360717897088124
5.731876743901709
4.017322763478617
2.6684238996265606
1.154986796556988
0.8814137545146293
3.183273885522841
3.6839555197531215
0.3607835594899946
2.4419466007390227
3.8588128903263708
2.0075965792223323
4.7683011281318555
0.4335176566788043
4.259550250258727
1.0982753429687162
2.0502571900479385
3.047823577086475
5.460074840520706
7.010138657848348
5.642366498694854
0.2236219374062549
20.095670099219742
2.618335421412008
2.3335630261571567
5.812777443808364
5.355458412025113
13.640465917784924
2.7101135350949517
2.240469447850388
1.5610835892199424
1.7443729582564642
0.6811513253096669
3.1458312825203536
0.7837423855054181
0.013626466815165477
8.884931600308496
6.692248609241658
3.0243216827233335
4.108267906917068
0.7386227107065185
0.9953612129825918
1.9453371437242797
12.032429349996477
0.16211058952455906
3.2610620889893016
6.759787053537723
1.2153839010570915
0.3086449531733616
7.866266680816956
5.980665549084195
1.2121729390515608
2.552003824190694
2.315283281315294
13.463462049223892
2.720359243878368
0.29859354741574684
10.02210424227983
4.138942088516633
5.226750999727985
0.17690509077970942
4.155919835591169
3.66223958206577
0.36659671880745376
4.37113331174525
6.63183917312359
2.131644275673474
0.40483584077692836
4.459312488370087
7.106563365555741
2.7549673909949477
